300677168
643200909
215569822
685766360
216093729
813371188
470873636
300858410
555831501
728588717
301056414
428786460
983051314
643650286
643622825
940391076
643625340
215733491
940825439
215837070
386111095
898773312
941329322
343450332
301234305
556271917
215898299
385656409
813278094
643480286
301043128
771246226
513786017
813438777
428192648
770833162
258059150
258648337
471244468
471349585
300462908
513330047
813199684
643224033
215692471
556138274
215560479
470411528
556144940
643028431
300677168
643200909
215569822
685766360
512606033
216093729
427688510
813371188
470873636
300858410
555831501
728588717
214812158
301056414
428786460
983051314
643650286
643622825
940391076
643625340
215733491
812407423
940825439
215837070
386111095
898773312
941329322
343450332
301234305
556271917
215898299
385656409
257407758
813278094
643480286
301043128
385284936
771246226
513786017
813438777
428192648
770833162
684555869
258059150
258648337
471244468
812324023
471349585
300462908
770102027
513330047
426133276
685067844
813199684
600373671
643224033
512539646
215692471
978082117
556138274
940130419
384615810
215560479
470411528
383674518
770005039
556144940
642078012
643028431
684642044
342712204
770212590
257686655
600061570
812488394
812497068
939889027
427331834
384809716
639873112
639658999
639718861
554719251
684651741
939680526
342156438
512090491
897052337
812052300
214569477
727106271
854530860
896360159
427091922
341923868
299474197
639341115
769285595
811767875
214348619
384142531
854239417
854141789
596317896
511380227
938947762
468958646
426450283
641135310
213644194
638704776
596087374
641112876
468742250
553569564
933182550
250166404
377647847
462689173
932572505
632555163
975121806
504994292
846878964
759330538
761468100
376477180
973853935
54817661
642562488
300677168
643200909
215569822
685766360
512606033
216093729
427688510
813371188
470873636
300858410
555831501
728588717
214812158
301056414
428786460
983051314
643650286
643622825
940391076
643625340
215733491
812407423
940825439
215837070
386111095
898773312
941329322
343450332
301234305
556271917
215898299
385656409
257407758
813278094
643480286
301043128
385284936
771246226
513786017
813438777
428192648
770833162
684555869
258059150
258648337
471244468
812324023
471349585
300462908
770102027
513330047
426133276
685067844
813199684
600373671
643224033
512539646
215692471
978082117
556138274
940130419
384615810
215560479
470411528
383674518
770005039
556144940
642078012
643028431
684642044
342712204
770212590
257686655
600061570
812488394
812497068
939889027
427331834
384809716
639873112
639658999
639718861
554719251
684651741
939680526
342156438
512090491
897052337
812052300
214569477
727106271
854530860
896360159
427091922
341923868
299474197
639341115
769285595
811767875
214348619
384142531
854239417
854141789
596317896
511380227
938947762
468958646
426450283
641135310
213644194
638704776
596087374
641112876
468742250
553569564
933182550
250166404
377647847
462689173
932572505
632555163
975121806
504994292
846878964
759330538
761468100
376477180
973853935
54817661
642562488
300677168
643200909
215569822
685766360
512606033
216093729
427688510
813371188
470873636
300858410
555831501
728588717
214812158
301056414
428786460
983051314
643650286
643622825
940391076
643625340
215733491
812407423
940825439
215837070
386111095
898773312
941329322
343450332
301234305
556271917
215898299
385656409
257407758
813278094
643480286
301043128
385284936
771246226
513786017
813438777
428192648
770833162
684555869
258059150
258648337
471244468
812324023
471349585
300462908
770102027
513330047
426133276
685067844
813199684
600373671
643224033
512539646
215692471
978082117
556138274
940130419
384615810
215560479
470411528
383674518
770005039
556144940
642078012
643028431
684642044
342712204
770212590
257686655
600061570
812488394
812497068
939889027
427331834
384809716
639873112
639658999
639718861
554719251
684651741
939680526
342156438
512090491
897052337
812052300
214569477
727106271
854530860
896360159
427091922
341923868
299474197
639341115
769285595
811767875
214348619
384142531
854239417
854141789
596317896
511380227
938947762
468958646
426450283
641135310
213644194
638704776
596087374
641112876
468742250
553569564
933182550
250166404
377647847
462689173
932572505
632555163
975121806
504994292
846878964
759330538
761468100
376477180
973853935
54817661
642562488
300677168
643200909
215569822
685766360
512606033
216093729
427688510
813371188
470873636
300858410
555831501
728588717
214812158
301056414
428786460
983051314
643650286
643622825
940391076
643625340
215733491
812407423
940825439
215837070
386111095
898773312
941329322
343450332
301234305
556271917
215898299
385656409
257407758
813278094
643480286
301043128
385284936
771246226
513786017
813438777
428192648
770833162
684555869
258059150
258648337
471244468
812324023
471349585
300462908
770102027
513330047
426133276
685067844
813199684
600373671
643224033
512539646
215692471
978082117
556138274
940130419
384615810
215560479
470411528
383674518
770005039
556144940
642078012
643028431
684642044
342712204
770212590
257686655
600061570
812488394
812497068
939889027
427331834
384809716
639873112
639658999
639718861
554719251
684651741
939680526
342156438
512090491
897052337
812052300
214569477
727106271
854530860
896360159
427091922
341923868
299474197
639341115
769285595
811767875
214348619
384142531
854239417
854141789
596317896
511380227
938947762
468958646
426450283
641135310
213644194
638704776
596087374
641112876
468742250
553569564
933182550
250166404
377647847
462689173
932572505
632555163
975121806
504994292
846878964
759330538
761468100
376477180
973853935
54817661
642562488
300677168
643200909
215569822
685766360
512606033
216093729
427688510
813371188
470873636
300858410
555831501
728588717
214812158
301056414
428786460
983051314
643650286
643622825
940391076
643625340
215733491
812407423
940825439
215837070
386111095
898773312
941329322
343450332
301234305
556271917
215898299
385656409
257407758
813278094
643480286
301043128
385284936
771246226
513786017
813438777
428192648
770833162
684555869
258059150
258648337
471244468
812324023
471349585
300462908
770102027
513330047
426133276
685067844
813199684
600373671
643224033
512539646
215692471
978082117
556138274
940130419
384615810
215560479
470411528
383674518
770005039
556144940
642078012
643028431
684642044
342712204
770212590
257686655
600061570
812488394
812497068
939889027
427331834
384809716
639873112
639658999
639718861
554719251
684651741
939680526
342156438
512090491
897052337
812052300
214569477
727106271
854530860
896360159
427091922
341923868
299474197
639341115
769285595
811767875
214348619
384142531
854239417
854141789
596317896
511380227
938947762
468958646
426450283
641135310
213644194
638704776
596087374
641112876
468742250
553569564
933182550
250166404
377647847
462689173
932572505
632555163
975121806
504994292
846878964
759330538
761468100
376477180
973853935
54817661
642562488
300677168
643200909
215569822
685766360
512606033
813371188
216093729
427688510
983051314
940391076
470873636
300858410
215733491
555831501
428786460
301056414
728588717
300462908
214812158
643622825
643650286
643224033
215837070
258059150
215692471
940825439
643625340
812407423
813278094
385656409
386111095
898773312
513330047
941329322
215560479
301043128
215898299
556271917
343450332
470411528
301234305
643480286
257407758
813199684
813438777
771246226
385284936
513786017
428192648
770833162
684555869
258648337
471244468
812324023
643028431
471349585
770102027
426133276
685067844
556138274
600373671
512539646
978082117
940130419
384615810
556144940
383674518
770005039
642078012
684642044
342712204
770212590
257686655
600061570
812488394
812497068
939889027
427331834
384809716
639873112
639658999
639718861
554719251
684651741
939680526
214706110
342156438
512090491
897052337
812052300
214569477
727106271
854530860
896360159
427091922
341923868
299474197
639341115
769285595
811767875
214348619
811627547
384142531
854239417
854141789
596317896
511380227
938947762
468958646
426450283
641135310
213644194
638704776
596087374
641112876
468742250
553569564
937077252
550339017
933182550
632869305
250166404
377647847
462689173
932572505
632555163
975121806
504994292
804850521
847137348
846878964
759330538
761468100
376477180
973853935
754762824
201629874
329191655
668553341
54817661
37943575
11136207
10781574
4345099
3137946
805183
642562488
300677168
643200909
215569822
685766360
512606033
813371188
216093729
427688510
983051314
940391076
470873636
300858410
215733491
555831501
428786460
301056414
728588717
300462908
214812158
643622825
643650286
643224033
215837070
258059150
215692471
940825439
643625340
812407423
813278094
385656409
386111095
898773312
513330047
941329322
215560479
301043128
215898299
556271917
343450332
470411528
301234305
643480286
257407758
813199684
813438777
771246226
385284936
513786017
428192648
770833162
684555869
258648337
471244468
812324023
643028431
471349585
770102027
426133276
685067844
556138274
600373671
512539646
978082117
940130419
384615810
556144940
383674518
770005039
642078012
684642044
342712204
770212590
257686655
600061570
812488394
812497068
939889027
427331834
384809716
639873112
639658999
639718861
554719251
684651741
939680526
214706110
342156438
512090491
897052337
812052300
214569477
727106271
854530860
896360159
427091922
341923868
299474197
639341115
769285595
811767875
214348619
811627547
384142531
854239417
854141789
596317896
511380227
938947762
468958646
426450283
641135310
213644194
638704776
596087374
641112876
468742250
553569564
937077252
550339017
933182550
632869305
250166404
377647847
462689173
932572505
632555163
975121806
504994292
804850521
847137348
846878964
759330538
761468100
376477180
973853935
754762824
201629874
329191655
668553341
54817661
37943575
11136207
10781574
4345099
3137946
805183
642562488
300677168
643200909
215569822
685766360
512606033
813371188
216093729
427688510
983051314
940391076
470873636
300858410
215733491
555831501
428786460
301056414
728588717
300462908
214812158
643622825
643650286
643224033
215837070
258059150
215692471
940825439
643625340
812407423
813278094
385656409
386111095
898773312
513330047
941329322
215560479
301043128
215898299
556271917
343450332
470411528
301234305
643480286
257407758
813199684
813438777
771246226
385284936
513786017
428192648
770833162
684555869
258648337
471244468
812324023
643028431
471349585
770102027
426133276
685067844
556138274
600373671
512539646
978082117
940130419
384615810
556144940
383674518
770005039
642078012
684642044
342712204
770212590
257686655
600061570
812488394
812497068
939889027
427331834
384809716
639873112
639658999
639718861
554719251
684651741
939680526
214706110
342156438
512090491
897052337
812052300
214569477
727106271
854530860
896360159
427091922
341923868
299474197
639341115
769285595
811767875
214348619
811627547
384142531
854239417
854141789
596317896
511380227
938947762
468958646
426450283
641135310
213644194
638704776
596087374
641112876
468742250
553569564
937077252
550339017
933182550
632869305
250166404
377647847
462689173
932572505
632555163
975121806
504994292
804850521
847137348
846878964
759330538
761468100
376477180
973853935
754762824
201629874
329191655
668553341
54817661
37943575
11136207
10781574
4345099
3137946
805183
642562488
